1997
116,086
186
10,345
649
186
525
9,003
948
200
37,239
402
2,482
-
249
19,904
14,440
1,052
1,674
-
2,670
930
2,533
492
158
767
2,886
3,387
-
1,047
163
1,052
136
381
1998
74,119
-
-
638
136
-
8,788
638
253
27,442
-
2,585
-
383
-
11,756
1,894
1,532
-
2,335
570
3,091
2,008
132
563
3,341
3,740
-
-
374
990
332
598
1999
93,632
696
-
621
138
896
6,051
556
146
27,179
486
2,715
983
406
12,656
20,692
1,735
1,955
202
2,062
651
3,102
1,633
324
999
2,255
2,089
709
-
322
787
308
278
2000
93,422
552
-
716
88
729
6,225
532
149
25,575
788
2,564
1,640
727
12,674
19,517
1,871
1,675
234
2,036
259
2,763
1,086
414
905
2,370
1,616
787
2,680
445
825
249
731
2001
90,803
600
-
984
71
1,087
6,108
591
156
21,301
597
2,988
1,710
787
11,586
21,772
1,816
1,463
209
2,098
619
2,630
1,161
563
1,251
2,297
878
755
2,654
383
897
268
523
2002
86,919
455
-
832
42
892
7,002
554
128
19,923
504
2,809
1,557
919
9,413
21,794
1,614
1,349
234
1,936
246
2,727
1,339
534
997
1,924
818
662
2,954
415
1,183
302
861
2003
90,268
526
-
725
16
962
7,747
541
160
19,694
361
3,084
863
891
8,908
22,512
2,281
1,302
159
2,555
245
2,715
1,400
733
976
2,315
739
896
3,644
386
1,498
206
1,228
2004
114,145
469
28,296
941
18
1,070
7,300
571
298
17,811
542
2,276
1,094
924
7,206
19,281
2,787
1,723
62
2,254
333
2,825
1,051
276
1,001
2,998
2,918
759
3,909
426
1,548
240
938
2005
116,075
512
28,076
1,403
13
1,192
8,865
629
355
15,800
483
2,380
1,307
1,196
6,463
17,642
2,871
1,670
197
2,745
365
2,589
1,199
537
1,235
3,661
3,543
853
4,913
496
1,936
242
707
2006
121,644
397
28,130
1,420
37
1,456
10,220
749
389
15,213
767
2,616
1,966
1,290
5,424
18,728
3,836
1,787
377
3,835
829
2,970
1,104
606
1,161
3,190
3,413
983
5,274
671
1,952
210
644
2007
136,058
565
33,720
1,357
18
1,284
9,458
752
360
14,985
1,334
2,628
2,195
1,457
5,693
19,112
4,033
1,803
569
8,728
871
3,058
1,364
660
1,361
3,811
4,445
1,163
5,418
346
2,325
315
870
2008
161,355
1,646
32,809
1,302
45
1,043
23,547
1,372
396
16,050
1,902
3,662
2,238
2,035
6,895
20,678
4,057
1,726
651
10,245
1,182
3,619
1,691
850
1,331
4,133
4,375
1,350
5,822
524
2,462
403
1,314
2009
159,654
2,153
24,952
834
51
609
23,049
1,868
304
14,818
2,303
5,985
2,599
2,162
6,429
23,155
4,684
2,650
675
11,460
1,700
3,504
1,688
1,029
1,926
3,496
4,290
1,722
5,369
522
2,216
408
1,044
2010
171,173
2,501
22,261
697
189
1,106
22,006
2,998
535
14,564
4,764
3,019
3,059
2,589
7,752
26,067
4,634
2,029
1,164
10,225
1,743
3,660
2,078
1,484
2,781
4,083
5,120
1,928
8,596
907
4,495
267
1,872
2011
161,178
1,971
21,960
1,210
130
1,273
14,853
2,717
1,716
12,396
2,831
3,863
4,203
2,634
8,304
25,529
5,081
2,238
934
9,132
1,977
3,952
2,351
616
2,803
4,357
4,923
2,277
7,102
1,080
4,879
206
1,680
2012
146,457
1,924
18,911
930
41
1,373
10,029
3,574
2,024
12,599
2,311
4,307
3,395
2,378
7,189
29,200
5,414
2,684
667
5,139
1,583
2,797
2,877
295
833
3,936
4,312
1,283
5,740
799
5,095
211
2,607
2013
131,929
1,454
16,720
1,391
64
1,492
8,058
2,711
1,355
12,056
2,248
3,596
3,063
2,250
8,145
28,883
4,812
2,869
368
2,408
1,287
2,391
2,657
271
621
3,196
4,233
1,196
3,594
950
5,113
196
2,281
2014*
106,812
1,294
14,350
971
47
1,159
5,064
1,586
873
9,771
1,263
3,918
2,512
1,716
5,263
22,834
4,535
2,260
204
1,744
1,230
1,688
3,459
269
668
2,539
3,995
1,404
3,391
817
3,930
134
1,924