1997
35,632
6
-
-
-
316
-
134
173
21,241
11
32
1,905
79
-
4,891
1,160
399
296
159
-
-
849
58
76
200
131
1,518
1,138
19
417
30
394
1998
79,378
510
29,143
-
23
331
49
60
165
19,668
389
32
1,973
58
16,269
5,514
26
469
260
-
-
43
-
23
106
-
148
1,037
2,377
65
342
-
298
1999
62,374
9
25,696
-
17
273
331
40
39
17,597
9
69
647
62
2,587
9,542
-
501
55
102
-
262
136
132
178
816
71
-
2,858
64
230
-
51
2000
64,800
21
29,532
-
16
255
95
28
38
18,069
49
65
171
361
2,781
11,041
77
412
81
82
-
350
76
133
126
516
94
-
-
34
232
-
65
2001
58,916
26
22,736
-
3
336
286
59
32
17,234
43
35
194
247
3,629
12,074
41
375
59
152
197
287
40
49
93
327
28
-
-
50
232
-
52
2002
53,751
22
23,384
-
1
311
312
29
35
14,218
15
38
242
414
1,308
11,620
53
284
38
127
-
281
55
103
153
360
39
-
-
42
228
-
39
2003
56,550
11
24,873
-
-
419
231
18
26
14,261
24
55
634
450
1,462
12,366
81
143
24
89
-
195
29
66
87
535
33
-
-
27
356
-
55
2004
30,312
25
-
2
4
318
296
19
80
13,436
347
56
122
247
919
12,617
116
174
27
120
-
162
12
32
73
642
97
-
-
5
324
-
40
2005
27,450
12
-
2
8
206
269
27
41
11,594
3
62
188
392
866
11,804
88
275
24
141
-
149
24
17
24
804
78
-
-
-
304
-
48
2006
25,162
19
-
9
3
160
283
17
71
10,594
-
80
206
323
577
10,349
95
552
49
208
-
197
29
38
4
866
99
-
-
5
287
-
42
2007
27,073
19
-
1
-
244
418
32
127
10,825
7
93
337
284
666
11,018
205
436
37
365
-
245
36
39
36
1,050
71
-
-
7
424
-
51
2008
32,462
65
-
6
2
299
2,007
55
80
10,976
28
191
554
326
803
12,576
242
692
43
691
-
208
106
103
33
1,608
74
-
-
-
537
-
157
2009
42,673
46
37
3
-
623
3,809
255
-
11,392
323
380
678
503
884
16,492
284
1,485
60
1,337
-
313
137
177
44
2,368
82
-
468
-
351
-
142
2010
61,344
107
66
3
2
522
6,648
815
-
9,909
1,544
347
631
466
1,271
21,117
581
1,706
133
5,268
-
362
133
123
168
5,309
150
-
2,301
2
892
-
768
2011
71,984
97
336
6
2
505
6,616
1,311
-
6,771
1,907
481
1,587
272
1,690
21,230
880
1,907
149
11,911
15
643
154
82
383
5,949
194
-
3,746
109
2,007
-
1,044
2012
62,392
54
307
4
2
376
3,434
1,305
-
5,916
947
474
2,039
80
1,639
24,193
1,130
1,912
104
6,007
101
747
196
22
518
4,927
99
-
3,227
101
1,708
-
823
2013
56,868
56
361
-
1
536
1,451
929
-
5,223
893
477
1,436
344
1,747
28,971
1,436
1,758
53
1,544
238
552
168
15
120
3,772
101
-
2,546
86
1,536
1
517
2014*
44,399
67
409
-
-
528
720
630
-
4,569
384
416
1,591
392
1,593
22,399
1,296
1,064
14
858
138
432
203
14
95
2,837
121
-
2,102
95
1,078
-
354