1997
0.90
-
1.34
0.23
0.45
2.10
1.74
-
6.96
-
0.27
0.68
2.45
1.28
2.35
-
3.44
1.35
-
0.21
1.53
-
1.09
0.24
0.47
1.26
0.79
0.85
0.15
-
0.74
-
0.07
1998
1.04
0.82
1.84
0.68
-
0.68
1.19
-
-
1.77
0.47
0.79
2.50
1.44
-
-
5.07
2.55
0.11
0.03
0.97
-
2.81
-
0.93
2.54
1.41
1.57
0.45
-
1.02
-
1.68
1999
3.40
0.91
1.74
0.44
-
2.89
1.57
-
-
2.43
0.67
0.82
1.99
1.26
2.84
16.05
4.69
3.61
0.32
0.59
1.83
-
1.11
-
0.63
3.03
1.16
1.85
0.15
-
1.01
-
-
2000
1.16
0.50
1.88
2.14
-
1.68
0.54
-
-
2.48
2.27
0.51
2.17
0.46
2.35
-
3.29
3.08
0.21
0.63
2.34
-
0.84
-
0.79
3.03
1.22
1.06
0.07
-
0.61
-
-
2001
1.31
0.78
2.13
1.25
0.42
2.74
0.95
-
-
2.27
1.19
1.06
2.99
1.29
2.47
-
3.06
3.79
-
0.84
2.77
-
1.65
-
0.50
3.23
0.73
1.50
-
-
0.81
-
-
2002
1.58
1.25
3.33
4.44
0.14
2.55
1.58
-
-
3.22
1.11
1.00
2.30
0.86
3.79
-
3.86
6.63
-
0.78
2.73
-
0.50
0.59
0.54
3.54
0.72
1.23
0.31
-
0.97
-
-
2003
1.82
1.22
3.89
2.74
-
2.43
1.23
-
-
4.31
1.75
1.60
2.38
1.63
3.87
-
3.25
6.79
0.21
1.24
3.66
-
1.28
0.95
0.82
4.37
0.62
0.92
0.30
-
1.42
-
-
2004
2.28
0.93
5.34
3.40
-
2.86
1.12
-
-
5.87
3.22
2.74
3.16
1.45
3.74
-
3.51
9.14
-
1.81
5.00
-
2.04
2.28
3.29
1.95
1.38
1.43
0.26
-
1.72
-
-
2005
2.78
2.10
9.75
16.64
-
2.48
1.56
-
-
5.22
7.53
4.41
0.94
3.67
5.00
-
2.50
16.83
0.50
1.71
4.16
-
3.43
2.64
4.28
2.68
1.56
-
0.46
-
2.50
-
-
2006
2.91
2.69
11.05
12.39
-
1.88
1.87
-
-
4.25
5.36
2.25
1.08
3.24
6.80
-
2.68
25.58
0.10
1.86
6.26
-
2.50
1.87
5.60
1.87
1.77
1.58
0.73
-
2.13
-
0.90
2007
2.84
3.35
7.10
7.70
-
2.60
1.16
-
-
4.73
4.05
2.16
1.31
2.42
5.72
-
4.27
11.23
0.10
0.80
10.10
-
2.00
3.28
8.95
1.74
1.78
2.76
1.73
-
2.92
-
1.51
2008
4.37
4.42
10.37
9.25
-
1.66
7.69
-
-
9.74
5.90
3.42
1.69
5.37
8.44
-
6.76
13.97
0.09
0.88
8.57
-
1.91
8.48
13.07
2.30
1.52
6.40
2.72
-
5.11
-
2.37
2009
5.61
4.68
13.79
13.88
-
1.49
11.74
3.24
-
10.11
5.52
6.18
2.02
5.85
8.99
-
8.17
36.19
0.09
1.23
14.51
-
2.04
8.58
10.97
2.62
0.97
12.29
4.65
-
4.84
-
1.07
2010
5.35
3.51
15.69
9.39
-
1.92
4.91
2.30
-
12.49
15.87
4.71
1.54
4.57
12.74
-
3.89
33.94
0.09
1.06
9.82
-
1.89
11.77
7.07
3.58
1.10
8.61
3.21
-
4.55
0.05
1.72
2011
3.97
9.38
10.87
7.43
-
1.79
6.69
2.09
1.79
8.41
6.39
3.94
2.45
2.45
6.35
-
4.13
12.48
-
1.27
3.10
0.05
1.44
10.53
8.99
5.04
1.01
6.70
4.65
-
5.13
1.39
2.96
2012
6.22
6.89
12.05
11.22
1.85
2.34
4.75
2.73
0.73
13.25
5.03
9.23
3.80
2.06
6.36
6.45
7.61
14.05
-
4.03
3.64
7.56
2.09
15.90
5.61
4.44
1.32
6.32
4.50
-
5.69
1.82
4.10
2013
6.92
3.35
10.32
17.13
9.54
2.87
4.43
3.60
3.87
10.85
4.74
8.18
4.94
4.53
10.20
10.19
5.76
21.34
-
5.77
4.37
4.25
0.77
13.74
4.40
3.89
1.19
8.05
6.50
-
5.82
4.02
4.19
2014
4.82
2.60
8.48
5.13
5.59
3.18
0.49
3.04
1.83
7.22
2.69
0.55
4.48
3.41
8.47
6.08
4.43
18.82
0.08
7.52
2.53
2.92
0.25
16.99
3.08
4.02
0.90
5.89
5.40
0.56
3.19
2.73
4.35
2015*
3.17
2.10
4.53
5.11
1.98
2.87
0.30
1.15
1.11
5.26
2.66
0.09
3.03
0.94
8.18
2.96
0.74
8.23
-
7.02
1.99
3.28
0.25
5.27
1.92
3.32
0.51
5.75
4.01
0.70
1.27
2.36
3.87