1997
876
-
31
1
3
82
49
-
37
-
4
34
78
30
149
-
143
21
-
8
55
-
16
2
11
31
17
16
4
-
53
-
1
1998
1020
8
44
3
-
27
34
-
-
158
7
40
80
34
-
-
211
40
1
1
35
-
42
-
22
63
31
30
12
-
73
-
24
1999
3391
9
43
2
-
118
46
-
-
217
10
42
64
30
183
2035
195
57
3
23
67
-
17
-
15
76
26
36
4
-
73
-
-
2000
1168
5
48
10
-
70
16
-
-
222
34
26
70
11
153
-
137
49
2
25
86
-
13
-
19
77
28
21
2
-
44
-
-
2001
1337
8
56
6
3
116
29
-
-
203
18
55
97
31
163
-
128
61
-
34
102
-
26
-
12
83
17
30
-
-
59
-
-
2002
1636
13
90
22
1
110
49
-
-
289
17
52
75
21
253
-
162
108
-
32
101
-
8
6
13
92
17
25
9
-
71
-
-
2003
1910
13
108
14
-
107
39
-
-
387
27
84
78
40
261
-
137
112
2
52
136
-
21
10
20
115
15
19
9
-
104
-
-
2004
2416
10
152
18
-
128
36
-
-
527
50
145
104
36
255
-
148
152
-
77
187
-
34
25
81
52
34
30
8
-
127
-
-
2005
2979
23
284
91
-
113
51
-
-
469
118
234
31
92
345
-
106
283
5
74
156
-
58
30
106
72
39
0
14
-
185
-
-
2006
3157
30
329
70
-
87
62
-
-
382
85
120
36
82
476
-
114
436
1
82
235
-
43
22
140
51
45
34
23
-
159
-
13
2007
3123
38
216
45
-
122
39
-
-
424
65
116
44
62
406
-
183
194
1
36
381
-
35
40
226
48
46
60
55
-
219
-
22
2008
4869
51
322
56
-
79
264
-
-
874
96
186
57
140
609
-
293
245
1
40
326
-
34
107
334
64
40
141
88
-
387
-
35
2009
6332
55
437
87
-
72
409
89
-
906
91
340
69
155
659
-
358
644
1
57
557
-
37
112
284
74
26
274
153
-
370
-
16
2010
6113
42
506
61
-
94
173
64
-
1117
265
262
53
123
948
-
172
612
1
50
380
-
35
159
185
102
30
194
107
-
351
1
26
2011
4594
114
356
50
-
89
238
59
12
751
108
221
85
67
479
-
184
228
-
61
121
3
27
147
238
145
28
153
157
-
400
28
45
2012
7284
85
401
78
16
118
171
78
5
1181
86
523
133
57
486
1039
342
260
-
196
143
454
40
229
150
129
37
146
154
-
447
37
63
2013
8196
42
349
123
84
147
161
104
27
965
82
468
174
127
790
1668
261
400
-
285
173
258
15
204
119
114
34
188
225
-
461
83
65
2014
5773
33
291
38
50
165
18
89
13
641
47
32
159
97
664
1010
202
357
1
377
101
179
5
260
84
119
26
139
189
7
255
57
68
2015
5127
37
221
49
34
217
11
36
14
639
62
8
144
42
831
644
43
172
1
509
91
273
6
116
141
129
18
171
174
9
126
68
91
2016
5249
71
175
118
18
164
23
24
60
608
49
4
199
79
674
993
18
67
5
626
57
122
11
41
218
106
134
148
107
-
192
57
81
2017*
1473
25
57
80
8
36
4
8
13
121
17
2
43
21
159
250
1
10
-
172
15
22
4
23
46
8
12
82
50
1
133
15
35