1997
16,866
355
492
60
130
1,357
677
175
99
977
61
567
1,273
360
600
3,037
757
178
132
163
788
729
234
335
301
669
526
353
473
63
722
110
113
1998
14,216
66
292
18
117
1,399
584
165
89
947
134
230
1,306
250
604
2,221
1,022
216
165
160
14
675
39
117
297
643
555
368
428
49
707
23
316
1999
14,619
27
657
31
78
1,452
425
139
53
880
291
259
1,242
199
545
2,966
575
344
146
131
823
575
55
123
414
564
292
229
253
163
590
8
90
2000
13,849
14
460
31
55
1,270
437
113
45
709
268
219
1,399
115
486
2,726
487
352
121
123
1,292
573
62
245
254
501
194
210
221
280
465
26
96
2001
13,855
22
456
25
52
1,252
480
118
56
807
321
233
1,255
148
488
2,862
475
193
127
140
1,311
502
86
252
195
551
185
169
165
352
467
16
94
2002
13,148
26
466
28
52
1,056
528
131
45
748
232
208
1,035
129
431
2,870
428
226
117
124
1,427
463
71
194
245
485
165
141
184
309
450
30
104
2003
12,676
21
479
24
55
921
471
116
34
715
216
213
808
113
424
2,741
440
173
95
135
1,571
488
71
228
121
482
203
150
244
286
501
32
105
2004
11,658
17
470
36
37
787
444
103
45
710
120
194
539
123
370
2,855
446
219
109
117
1,130
468
62
138
199
515
250
120
225
260
465
30
55
2005
11,246
19
539
34
51
415
550
139
35
698
189
213
755
118
384
2,313
427
160
93
143
1,053
341
68
119
176
609
275
84
357
350
459
22
58
2006
11,806
26
483
20
28
358
593
109
31
649
205
242
837
101
425
2,766
661
159
94
180
1,077
415
52
119
131
602
238
166
346
187
434
22
50
2007
10,253
49
511
28
36
358
617
121
30
714
250
229
800
147
389
1,127
527
113
108
283
948
401
57
176
153
741
308
193
265
-
478
30
66
2008
13,155
63
853
28
45
326
2,030
179
33
713
430
257
951
139
462
1,261
565
135
147
263
733
429
58
192
218
1,156
393
148
308
42
477
47
74
2009
16,118
66
750
31
41
499
3,156
240
52
747
930
414
1,431
137
570
1,345
728
317
148
267
752
414
90
177
158
1,251
498
117
288
48
347
33
76
2010
20,680
75
884
48
59
513
3,903
407
93
811
1,024
437
1,500
134
888
1,153
661
559
367
828
666
415
59
234
417
2,250
654
143
721
48
583
36
110
2011
22,852
71
673
38
59
613
3,085
660
165
779
764
604
2,158
111
1,222
1,512
773
556
456
2,003
641
619
98
269
402
1,906
472
162
855
71
890
46
119
2012
21,736
44
590
35
69
573
1,997
771
287
779
618
771
2,310
83
1,184
2,130
755
862
244
1,459
472
578
110
250
396
1,468
501
124
1,016
59
968
38
195
2013
18,331
39
775
56
67
503
1,443
645
178
749
476
641
2,087
123
1,099
1,932
902
597
151
719
536
409
111
214
261
1,208
575
140
555
70
863
40
167
2014*
14,413
37
665
65
58
370
995
354
93
670
289
648
1,394
134
824
1,807
882
396
107
449
583
315
95
153
210
880
528
158
596
58
458
39
103